31,49
31,48
31,47
31,46
31,45
31,44
31,43
31,42
31,41
31,40
31,39
31,38
31,37
31,36
31,35
3,2
3,1
3,3
10,86
10,152
10,220
10,238
10,176
10,98
10,212
10,2
10,3
11,15
11,14
11,16
11,13
11,17
9,4
9,6
9,2
9,3
8,11
8,17
8,4
8,16
8,12
8,2
8,3
25,3
25,2
25,1
25,0
24,3
24,2
24,1
24,0
20,3
20,2
20,1
19,3
19,2
19,1
12,3
12,2
12,1
11,28
11,27
11,26
11,25
11,24
11,23
11,22
11,21
11,20
11,19
11,18
11,11
11,10
11,8
11,7
11,3
11,2
11,1
10,303
10,302
10,301
10,300
10,299
10,298
10,297
10,296
10,295
10,294
10,293
10,292
10,291
